%YAML:1.0
---
# 图像尺寸
image_size: [640, 480]

# 左相机内参
K1: !!opencv-matrix
  rows: 3
  cols: 3
  dt: d
  data: [931.5701, 0.0, 279.9192, 0.0, 931.0925, 238.3756, 0.0, 0.0, 1.0]
D1: !!opencv-matrix
  rows: 1
  cols: 5
  dt: d
  data: [-0.4401, 0.2966, 0.0, 0.0, 0.0]

# 右相机内参
K2: !!opencv-matrix
  rows: 3
  cols: 3
  dt: d
  data: [928.1017, 0.0, 279.1940, 0.0, 928.7819, 252.2159, 0.0, 0.0, 1.0]
D2: !!opencv-matrix
  rows: 1
  cols: 5
  dt: d
  data: [-0.4423, 0.1567, 0.0, 0.0, 0.0]

# 旋转矩阵 R 与 平移向量 T
R: !!opencv-matrix
  rows: 3
  cols: 3
  dt: d
  data: [1.0000, 0.0006, 0.0026, -0.0006, 1.0000, 0.0040, -0.0026, -0.0040, 1.0000]
T: !!opencv-matrix
  rows: 3
  cols: 1
  dt: d
  data: [-429.7256, -0.4363, 0.3033]
  